8320310724912514022315151
6641291252172183461021627
1131071391589561405216516
2534118422837520051622611
1220588149245102855040172
1671583235911185119138144
2473724818117716215917669
4519514412674322923628148
1149055242181193136111221
4519514412674322923628148
1101496213417312451561441
1342114423813813712210112
1531088224497255618858242
1929341114110214170842351
1992341832176025350114243
4134570157186176232184204
9395107962102134151189551
6817524215021144101331331
1021971433312672219211942
3359229119108123191112109
2191941830230218218175236
3517314125495160919822838
1223916748882431331577113
6416521486898173972113523
1665088721101281032241662
1821294143228722552271671
2261741220271491752482033
1717821013287501463514061
5414819021212223823411771
1915116618218387147145781
1172552481121562018150179
1123654624775225105231962
1334512865235201515813480
4722359218709723251197255
1421441417326401902251252
1352231711571191521931852
1671583235911185119138144
2505716094272721816322175
1734145191190881591955412
1322024095151401351954832
1052421051014392021978023
1122425123920925287672361
2492144156186230829525015
1742011916516725511129015
2341351757922288501111546
1747221520559672221455518
1234123456789012347652167
6985206234126661281501018
2421578120329975185442161
1771057217423324711912821
1835139118108517715821201
9791852001219390116149747
2501514180381553646129248
2338977470811851721555915
2552381091922231392456020
1951932391315912682717617
2401462214164498165219714
3713021412612513272116214
1193712017312325155561685
4515081662512442241702119
1681501556516029422082133
2062246720104151983645242
2071732231852616192165442
2196613018158664470158189
1681741262125492238811351
4518324613675711017428312
1691243611891889481214161
9117030123134401614782125
1051871411332501132015212
8221911810724115755748250
1912723662916097502102151
2928288282282818282828282
1781881611523611291695985
2542401931003956502192419
2332251048941112112011451
4814775441312301622031716
1671284612412381184221622
8416584194170131187113248
1952202042153141691831848
1501042714563139842102820
7624118670188172191511255
2351151692341522321054423
1234567890112345678900123
1761296731248122921024122
1829720624202183684915120
1441612917811469618121316
1131025147851322372272427
9715718418418615495185610
3812922251161078415011118
1528722520221516411515815
2820412792562502125619761
1920016516024617940119952
1916719935139482301808555
9211147152901337133210185
1675420757182422291515224
1531971903219171482191241
1105223518771251935129169
1814410075521371596718524
1642411083184108240154236
2348616316959140175892011
1675420757182422291515224
7123525118212777246178902
7011922123213289224245210
1541471821262184326916918
4617596121412051614011187
2102001051981105014213772
2132122411691413325124612
2022179821515832174130242
1952766105145126191431985
2161303115229117241721471
5782515238117252179175741
2071431681541841421542452
1622361152321571779920622
4886495190236153119135471
1292221118389214920715292
1618145831424431041001132
2453732881811611341961351
8019315481187101031641612
1259561208183163181414481
1357322510923511252123146
2219312522310610011519016
1951411923799221517123520
1511551997013312021819420
4920922420422451101607021
1202099824772369410724423
2445959135765497167143216
2521012784152512459131463
6715814918816224162879690
8957978310721918313240941
9218515732134541001773021
2262342339042108105216122
1633416213799253162906332
2496912223438193101349198
2342111872112261576221718
5080184716112120514113422
5211115187234513251811001
4375542073416220293828472
1631172433021116171215106
1321619214552116139557821
2868411602381910222862769
